%YAML:1.0
---
calibration_time: "Sat 19 Mar 2022 12:44:12 PM America"
nframes: 10
image_width: 640
image_height: 480
board_width: 9
board_height: 6
square_size: 1.
aspectRatio: 1.
flags: 2
camera_matrix: !!opencv-matrix
   rows: 3
   cols: 3
   dt: d
   data: [ 6.0611363786926563e+02, 0., 3.1988779089062422e+02, 0.,
       6.0611363786926563e+02, 2.5202224555443397e+02, 0., 0., 1. ]
distortion_coefficients: !!opencv-matrix
   rows: 5
   cols: 1
   dt: d
   data: [ 1.7730276197697001e-01, -5.9167106775969003e-01,
       2.2583100604428650e-03, -7.2241138467459883e-03,
       4.3507397537682307e-01 ]
avg_reprojection_error: 6.3863759355187733e-02
per_view_reprojection_errors: !!opencv-matrix
   rows: 10
   cols: 1
   dt: f
   data: [ 6.76685721e-02, 6.81916326e-02, 6.34547099e-02,
       6.27788678e-02, 6.32553697e-02, 6.31327778e-02, 6.19382896e-02,
       6.27893060e-02, 6.21528402e-02, 6.29298240e-02 ]
extrinsic_parameters: !!opencv-matrix
   rows: 10
   cols: 6
   dt: d
   data: [ -9.9564228214824635e-02, 4.4914853251234302e-02,
       6.9826118446502988e-04, -1.8917426353361488e+00,
       -6.1630946582837609e+00, 1.9835112572892129e+01,
       -9.8516255147179155e-02, 4.4797591223002316e-02,
       6.1521542356396907e-04, -1.8926711691388878e+00,
       -6.1632840905329145e+00, 1.9828791941546900e+01,
       -9.8101273826792360e-02, 4.4774577238477171e-02,
       5.5773843407184087e-04, -1.8929539482736781e+00,
       -6.1651852849927264e+00, 1.9825947139506557e+01,
       -9.8379463368350406e-02, 4.4713255439398289e-02,
       5.0127394559232210e-04, -1.8931804587302390e+00,
       -6.1645798604511919e+00, 1.9827234521110444e+01,
       -9.8815648624506452e-02, 4.4706260255539518e-02,
       5.6740839799447260e-04, -1.8927738360937367e+00,
       -6.1645170587364095e+00, 1.9827903024764332e+01,
       -9.9238371931461733e-02, 4.4612099942397905e-02,
       5.8849613039486741e-04, -1.8925770971371982e+00,
       -6.1629585785844423e+00, 1.9830842447452788e+01,
       -9.8654631834487624e-02, 4.4651788208640436e-02,
       5.3797311349549595e-04, -1.8927466792094825e+00,
       -6.1651216578533026e+00, 1.9826354160404641e+01,
       -9.8701786684055826e-02, 4.4717951978348179e-02,
       5.5020253136846590e-04, -1.8928361777923135e+00,
       -6.1645977885212453e+00, 1.9826158849998183e+01,
       -9.9975553097670478e-02, 4.4750164284288838e-02,
       6.5595305561296348e-04, -1.8920361819744662e+00,
       -6.1627963327007436e+00, 1.9833143493764325e+01,
       -1.0001117781590188e-01, 4.4600998076345606e-02,
       6.5524765207535993e-04, -1.8918027569263420e+00,
       -6.1628749819442028e+00, 1.9833466692990822e+01 ]
image_points: !!opencv-matrix
   rows: 10
   cols: 54
   dt: "2f"
   data: [ 2.60828247e+02, 6.14443321e+01, 2.91862305e+02,
       6.12156525e+01, 3.22763367e+02, 6.08282890e+01, 3.53799561e+02,
       6.04600868e+01, 3.84855499e+02, 6.00707779e+01, 4.16274170e+02,
       5.95925102e+01, 4.47580383e+02, 5.91851692e+01, 4.79121124e+02,
       5.86269417e+01, 5.10635468e+02, 5.83084488e+01, 2.60694489e+02,
       9.16798706e+01, 2.91734863e+02, 9.15127716e+01, 3.22815826e+02,
       9.13504944e+01, 3.53879700e+02, 9.09321289e+01, 3.85252686e+02,
       9.05604248e+01, 4.16597260e+02, 9.00207825e+01, 4.48258453e+02,
       8.94177017e+01, 4.79906616e+02, 8.90482712e+01, 5.11684570e+02,
       8.86192474e+01, 2.60535522e+02, 1.22331406e+02, 2.91691559e+02,
       1.22166656e+02, 3.22753784e+02, 1.21817284e+02, 3.54092468e+02,
       1.21558052e+02, 3.85379272e+02, 1.21157570e+02, 4.16917725e+02,
       1.20664131e+02, 4.48679932e+02, 1.20291092e+02, 4.80602661e+02,
       1.19788750e+02, 5.12545959e+02, 1.19519112e+02, 2.60410522e+02,
       1.52787277e+02, 2.91593628e+02, 1.52638519e+02, 3.22795258e+02,
       1.52474014e+02, 3.54116577e+02, 1.52291122e+02, 3.85586609e+02,
       1.51946594e+02, 4.17218811e+02, 1.51611588e+02, 4.49150757e+02,
       1.51285095e+02, 4.81200958e+02, 1.50848633e+02, 5.13458130e+02,
       1.50519363e+02, 2.60217255e+02, 1.83618103e+02, 2.91523926e+02,
       1.83581161e+02, 3.22748138e+02, 1.83452560e+02, 3.54221069e+02,
       1.83284851e+02, 3.85750397e+02, 1.83065521e+02, 4.17571716e+02,
       1.82737350e+02, 4.49561432e+02, 1.82509995e+02, 4.81777649e+02,
       1.82187958e+02, 5.14420410e+02, 1.81822876e+02, 2.59826172e+02,
       2.14684570e+02, 2.91410431e+02, 2.14595734e+02, 3.22743256e+02,
       2.14535690e+02, 3.54298645e+02, 2.14434143e+02, 3.85957275e+02,
       2.14283463e+02, 4.17882172e+02, 2.14078766e+02, 4.50107544e+02,
       2.13848114e+02, 4.82646790e+02, 2.13701630e+02, 5.15293945e+02,
       2.13539764e+02, 2.60778656e+02, 6.13821449e+01, 2.91815308e+02,
       6.11412354e+01, 3.22740387e+02, 6.07222748e+01, 3.53773407e+02,
       6.04032211e+01, 3.84843048e+02, 5.99818459e+01, 4.16269012e+02,
       5.95395927e+01, 4.47583923e+02, 5.91176682e+01, 4.79176270e+02,
       5.85624199e+01, 5.10649261e+02, 5.82493896e+01, 2.60689819e+02,
       9.16369171e+01, 2.91696411e+02, 9.14909744e+01, 3.22772339e+02,
       9.13026505e+01, 3.53854034e+02, 9.08547974e+01, 3.85235046e+02,
       9.05286179e+01, 4.16601562e+02, 8.99228516e+01, 4.48259888e+02,
       8.93823929e+01, 4.79903015e+02, 8.89627686e+01, 5.11699463e+02,
       8.85980835e+01, 2.60511261e+02, 1.22298569e+02, 2.91667877e+02,
       1.22122734e+02, 3.22740204e+02, 1.21777107e+02, 3.54078827e+02,
       1.21531006e+02, 3.85367950e+02, 1.21109268e+02, 4.16903198e+02,
       1.20606934e+02, 4.48679138e+02, 1.20271591e+02, 4.80607086e+02,
       1.19773987e+02, 5.12556946e+02, 1.19499542e+02, 2.60400909e+02,
       1.52788071e+02, 2.91566437e+02, 1.52641693e+02, 3.22771332e+02,
       1.52461395e+02, 3.54084442e+02, 1.52275436e+02, 3.85582458e+02,
       1.51934189e+02, 4.17214813e+02, 1.51607132e+02, 4.49146698e+02,
       1.51255951e+02, 4.81202637e+02, 1.50821548e+02, 5.13466492e+02,
       1.50494995e+02, 2.60198517e+02, 1.83615616e+02, 2.91526947e+02,
       1.83573975e+02, 3.22741364e+02, 1.83448318e+02, 3.54213409e+02,
       1.83288925e+02, 3.85736359e+02, 1.83044525e+02, 4.17569794e+02,
       1.82729202e+02, 4.49550354e+02, 1.82495483e+02, 4.81776154e+02,
       1.82168884e+02, 5.14428345e+02, 1.81798325e+02, 2.59800323e+02,
       2.14687927e+02, 2.91392456e+02, 2.14621765e+02, 3.22723389e+02,
       2.14557007e+02, 3.54282288e+02, 2.14436050e+02, 3.85952454e+02,
       2.14290497e+02, 4.17867889e+02, 2.14080002e+02, 4.50105652e+02,
       2.13853195e+02, 4.82640991e+02, 2.13703064e+02, 5.15296814e+02,
       2.13539627e+02, 2.60777130e+02, 6.13097191e+01, 2.91820435e+02,
       6.10514641e+01, 3.22731079e+02, 6.06278229e+01, 3.53768799e+02,
       6.03331947e+01, 3.84842621e+02, 5.98690796e+01, 4.16275299e+02,
       5.94822578e+01, 4.47601593e+02, 5.89138680e+01, 4.79175293e+02,
       5.84676971e+01, 5.10647400e+02, 5.81628189e+01, 2.60690430e+02,
       9.15817642e+01, 2.91691101e+02, 9.14310608e+01, 3.22777679e+02,
       9.12220383e+01, 3.53857574e+02, 9.07639465e+01, 3.85228516e+02,
       9.04208374e+01, 4.16590027e+02, 8.98323822e+01, 4.48267548e+02,
       8.93379974e+01, 4.79912170e+02, 8.88538589e+01, 5.11710449e+02,
       8.85317917e+01, 2.60511383e+02, 1.22200943e+02, 2.91667755e+02,
       1.22004959e+02, 3.22738586e+02, 1.21719139e+02, 3.54051788e+02,
       1.21403328e+02, 3.85369446e+02, 1.21023254e+02, 4.16899536e+02,
       1.20529564e+02, 4.48677582e+02, 1.20220322e+02, 4.80616577e+02,
       1.19737839e+02, 5.12571899e+02, 1.19406708e+02, 2.60398743e+02,
       1.52698685e+02, 2.91563599e+02, 1.52570038e+02, 3.22767822e+02,
       1.52412506e+02, 3.54091553e+02, 1.52190964e+02, 3.85584290e+02,
       1.51867157e+02, 4.17220581e+02, 1.51528519e+02, 4.49164673e+02,
       1.51172272e+02, 4.81209320e+02, 1.50726456e+02, 5.13476440e+02,
       1.50414886e+02, 2.60194092e+02, 1.83585571e+02, 2.91515747e+02,
       1.83527740e+02, 3.22741486e+02, 1.83410446e+02, 3.54212616e+02,
